nuova strategia di prediction:
RGB & DEPTH
rank1: 	1.0	0.92	0.875	0.79	0.79	0.71	0.875	0.92	0.67	0.92 	mean: 0.85
fp-u: 	0.0	0.0	0.0	0.0	0.0	0.0	0.0	0.0	0.0	0.0   	mean: 0.0

RGB
rank1: 	0.33	0.42	0.42	0.42	0.29	0.33	0.375	0.25	0.33	0.375 	mean: 0.354
fp-u: 	0.0	0.0	0.0	0.0	0.0	0.0	0.0	0.0	0.0	0.0	mean: 0.0

DEPTH
rank1: 	0.375	0.54	0.33	0.42	0.125	0.08	0.21	0.375	0.08	0.08 	mean:  0.2615
fp-u: 	0.0	0.0	0.2	0.2	0.8	1.0	1.0	0.0	1.0	1.0   	mean:  0.52

REMOVED
06, 09, 13, 17, 24
06, 10, 11, 17, 20
01, 09, 13, 14, 19
04, 06, 11, 16, 17
04, 11, 12, 17, 20
04, 11, 12, 16, 23
01, 06, 10, 17, 20
10, 14, 16, 20, 24
04, 06, 08, 14, 23
04, 08, 11, 16, 20